0.00 5.74
0.01 5.62
0.02 5.57
0.03 5.55
0.04 5.53
0.05 5.52
0.06 5.52
0.07 5.52
0.08 5.52
0.09 5.54
0.10 5.53
0.11 5.55
0.12 5.55
0.13 5.56
0.14 5.56
0.15 5.56
0.16 5.57
0.17 5.58
0.18 5.59
0.19 5.60
0.20 5.61
0.21 5.61
0.22 5.64
0.23 5.64
0.24 5.66
0.25 5.66
0.26 5.67
0.27 5.69
0.28 5.70
0.29 5.71
0.30 5.71
0.31 5.72
0.32 5.73
0.33 5.74
0.34 5.76
0.35 5.77
0.36 5.78
0.37 5.80
0.38 5.80
0.39 5.82
0.40 5.83
0.41 5.84
0.42 5.86
0.43 5.87
0.44 5.89
0.45 5.89
0.46 5.90
0.47 5.90
0.48 5.91
0.49 5.95
0.50 5.95
0.51 5.96
0.52 5.98
0.53 5.99
0.54 6.01
0.55 6.02
0.56 6.03
0.57 6.02
0.58 6.03
0.59 6.04
0.60 6.05
0.61 6.07
0.62 6.11
0.63 6.11
0.64 6.12
0.65 6.13
0.66 6.15
0.67 6.16
0.68 6.17
0.69 6.19
0.70 6.20
0.71 6.20
0.72 6.22
0.73 6.22
0.74 6.23
0.75 6.27
0.76 6.28
0.77 6.29
0.78 6.31
0.79 6.32
0.80 6.34
0.81 6.35
0.82 6.36
0.83 6.38
0.84 6.41
0.85 6.40
0.86 6.40
0.87 6.42
0.88 6.46
0.89 6.45
0.90 6.47
0.91 6.49
0.92 6.51
0.93 6.52
0.94 6.53
0.95 6.54
0.96 6.57
0.97 6.58
0.98 6.59
0.99 6.60
1.00 6.61
1.01 6.63
1.02 6.64
1.03 6.65
1.04 6.66
1.05 6.68
1.06 6.71
1.07 6.72
1.08 6.73
1.09 6.75
1.10 6.77
1.11 6.78
1.12 6.79
1.13 6.82
1.14 6.80
1.15 6.83
1.16 6.85
1.17 6.86
1.18 6.88
1.19 6.88
1.20 6.90
1.21 6.92
1.22 6.93
1.23 6.96
1.24 6.97
1.25 7.00
1.26 7.03
1.27 7.00
1.28 7.02
1.29 7.04
1.30 7.05
1.31 7.07
1.32 7.08
1.33 7.10
1.34 7.11
1.35 7.12
1.36 7.15
1.37 7.18
1.38 7.20
1.39 7.19
1.40 7.20
1.41 7.22
1.42 7.24
1.43 7.23
1.44 7.27
1.45 7.29
1.46 7.29
1.47 7.30
1.48 7.32
1.49 7.35
