0.00 11.77
0.01 11.64
0.02 11.58
0.03 11.54
0.04 11.50
0.05 11.49
0.06 11.47
0.07 11.47
0.08 11.47
0.09 11.49
0.10 11.48
0.11 11.49
0.12 11.49
0.13 11.51
0.14 11.51
0.15 11.52
0.16 11.52
0.17 11.53
0.18 11.55
0.19 11.56
0.20 11.58
0.21 11.59
0.22 11.63
0.23 11.64
0.24 11.65
0.25 11.67
0.26 11.72
0.27 11.74
0.28 11.74
0.29 11.76
0.30 11.78
0.31 11.81
0.32 11.83
0.33 11.85
0.34 11.85
0.35 11.88
0.36 11.94
0.37 11.97
0.38 11.97
0.39 11.98
0.40 12.01
0.41 12.03
0.42 12.05
0.43 12.08
0.44 12.10
0.45 12.12
0.46 12.15
0.47 12.18
0.48 12.19
0.49 12.23
0.50 12.27
0.51 12.30
0.52 12.31
0.53 12.34
0.54 12.35
0.55 12.38
0.56 12.40
0.57 12.43
0.58 12.47
0.59 12.48
0.60 12.51
0.61 12.54
0.62 12.57
0.63 12.60
0.64 12.64
0.65 12.65
0.66 12.68
0.67 12.71
0.68 12.72
0.69 12.75
0.70 12.77
0.71 12.79
0.72 12.82
0.73 12.85
0.74 12.88
0.75 12.92
0.76 12.95
0.77 12.99
0.78 13.00
0.79 13.03
0.80 13.06
0.81 13.09
0.82 13.11
0.83 13.13
0.84 13.15
0.85 13.19
0.86 13.22
0.87 13.23
0.88 13.28
0.89 13.30
0.90 13.35
0.91 13.36
0.92 13.39
0.93 13.42
0.94 13.46
0.95 13.49
0.96 13.51
0.97 13.53
0.98 13.55
0.99 13.58
1.00 13.60
1.01 13.65
1.02 13.68
1.03 13.71
1.04 13.72
1.05 13.76
1.06 13.78
1.07 13.82
1.08 13.87
1.09 13.88
1.10 13.90
1.11 13.93
1.12 13.96
1.13 13.99
1.14 14.03
1.15 14.06
1.16 14.09
1.17 14.09
1.18 14.12
1.19 14.16
1.20 14.19
1.21 14.24
1.22 14.26
1.23 14.28
1.24 14.31
1.25 14.35
1.26 14.37
1.27 14.42
1.28 14.46
1.29 14.48
1.30 14.48
1.31 14.52
1.32 14.55
1.33 14.58
1.34 14.61
1.35 14.65
1.36 14.66
1.37 14.70
1.38 14.72
1.39 14.77
1.40 14.81
1.41 14.84
1.42 14.84
1.43 14.88
1.44 14.91
1.45 14.93
1.46 14.97
1.47 15.01
1.48 15.03
1.49 15.09
