0.00 18.21
0.01 18.04
0.02 17.95
0.03 17.90
0.04 17.86
0.05 17.86
0.06 17.83
0.07 17.81
0.08 17.81
0.09 17.86
0.10 17.86
0.11 17.86
0.12 17.88
0.13 17.88
0.14 17.90
0.15 17.91
0.16 17.92
0.17 17.95
0.18 17.97
0.19 17.98
0.20 18.00
0.21 18.02
0.22 18.08
0.23 18.11
0.24 18.13
0.25 18.17
0.26 18.19
0.27 18.19
0.28 18.23
0.29 18.26
0.30 18.28
0.31 18.32
0.32 18.34
0.33 18.37
0.34 18.41
0.35 18.45
0.36 18.49
0.37 18.53
0.38 18.57
0.39 18.60
0.40 18.64
0.41 18.65
0.42 18.69
0.43 18.74
0.44 18.77
0.45 18.80
0.46 18.84
0.47 18.87
0.48 18.89
0.49 18.98
0.50 19.01
0.51 19.04
0.52 19.06
0.53 19.11
0.54 19.16
0.55 19.19
0.56 19.22
0.57 19.25
0.58 19.27
0.59 19.31
0.60 19.34
0.61 19.40
0.62 19.48
0.63 19.50
0.64 19.55
0.65 19.61
0.66 19.63
0.67 19.67
0.68 19.71
0.69 19.74
0.70 19.78
0.71 19.82
0.72 19.86
0.73 19.88
0.74 19.92
0.75 19.98
0.76 20.04
0.77 20.07
0.78 20.13
0.79 20.15
0.80 20.19
0.81 20.23
0.82 20.28
0.83 20.31
0.84 20.36
0.85 20.40
0.86 20.42
0.87 20.48
0.88 20.55
0.89 20.58
0.90 20.61
0.91 20.67
0.92 20.70
0.93 20.74
0.94 20.77
0.95 20.83
0.96 20.84
0.97 20.90
0.98 20.95
0.99 20.99
1.00 21.04
1.01 21.09
1.02 21.12
1.03 21.17
1.04 21.23
1.05 21.26
1.06 21.31
1.07 21.34
1.08 21.38
1.09 21.42
1.10 21.47
1.11 21.50
1.12 21.54
1.13 21.61
1.14 21.63
1.15 21.70
1.16 21.76
1.17 21.80
1.18 21.83
1.19 21.86
1.20 21.91
1.21 21.95
1.22 22.00
1.23 22.04
1.24 22.07
1.25 22.14
1.26 22.21
1.27 22.23
1.28 22.26
1.29 22.34
1.30 22.40
1.31 22.40
1.32 22.44
1.33 22.49
1.34 22.53
1.35 22.57
1.36 22.62
1.37 22.68
1.38 22.74
1.39 22.77
1.40 22.80
1.41 22.86
1.42 22.91
1.43 22.95
1.44 22.98
1.45 23.04
1.46 23.09
1.47 23.12
1.48 23.16
1.49 23.19
